98
8
97
23
68
10
79
14
70
13
83
25
88
100
39
18
61
86
23
19
31
2
79
35
89
27
9
5
69
58
54
72
31
48
35
63
45
51
65
62
74
57
14
80
65
88
36
5
12
6
77
36
65
71
91
41
95
34
41
31
98
42
58
11
8
62
60
28
100
98
19
67
21
17
37
67
30
30
80
79
18
24
34
100
68
23
21
74
77
30
13
95
92
68
96
81
90
74
48
67
48
52
31
66
97
36
17
84
72
84
85
78
31
66
98
64
50
60
71
49
98
2
8
27
61
49
97
11
26
62
90
35
19
58
24
42
28
46
51
87
46
47
60
65
57
45
43
18
72
47
66
55
44
55
97
13
28
10
89
22
23
7
77
95
74
41
73
17
98
8
10
15
61
47
9
72
45
67
38
7
12
42
14
72
81
28
80
72
96
67
7
80
50
42
14
2
27
17
70
84
68
11
12
67
46
8
77
70
75
80
65
83
77
68
62
8
58
46
11
81
58
15
42
75
29
19
5
24
75
28
13
29
26
84
27
88
65
14
79
10
41
72
52
56
91
6
4
71
11
21
16
5
22
57
96
88
59
23
94
65
72
32
92
96
19
98
19
1
45
50
41
59
50
52
55
37
18
15
47
23
95
59
52
59
2
65
26
64
16
69
67
66
57
38
33
11
86
52
27
53
46
33
62
79
44
1
34
46
83
49
70
7
8
89
48
43
40
74
43
21
74
95
66
77
70
97
4
80
15
1
54
60
53
55
91
2
52
26
22
89
30
39
36
35
59
36
100
68
54
97
48
65
47
97
29
93
82
9
15
69
23
53
96
45
24
37
94
8
4
86
5
49
41
21
75
99
91
41
61
57
15
51
34
55
38
33
57
13
20
34
69
9
86
46
78
100
30
75
3
29
4
53
1
52
64
38
53
51
12
2
43
46
51
42
4
28
91
25
34
95
12
67
97
60
97
76
33
11
8
15
60
10
5
78
47
32
76
92
38
52
42
11
78
61
44
18
25
70
5
39
11
6
2
62
55
29
64
14
8
19
98
96
54
61
83
61
55
95
87
11
53
37
86
76
94
80
35
19
47
87
83
58
71
31
84
18
70
5
6
3
51
20
1
16
30
84
5
79
16
82
84
53
1
17
28
20
75
46
7
76
98
54
2
60
65
68
64
70
34
88
34
90
20
80
57
35
79
75
52
70
44
8
75
77
65
100
21
1
71
10
4
38
83
31
49
42
18
49
71
97
4
79
99
36
21
53
35
22
54
64
93
19
57
59
37
86
5
33
42
2
42
15
65
18
4
39
26
74
89
16
65
14
26
56
31
5
41
78
8
52
99
14
79
52
51
75
65
6
37
84
19
41
24
5
3
73
55
13
72
19
43
43
54
8
50
41
54
96
98
7
92
52
22
96
59
43
90
90
52
90
11
68
56
97
24
100
12
65
54
8
90
89
70
66
93
61
74
20
92
28
77
55
97
25
32
15
70
85
44
65
70
56
21
61
84
7
26
19
4
41
69
67
22
23
30
95
55
26
40
20
36
22
37
4
29
81
44
10
8
65
47
69
48
42
58
4
54
16
36
15
56
39
8
33
48
95
60
86
85
68
43
67
66
77
99
60
99
47
33
40
38
21
34
76
47
31
3
87
57
24
25
9
47
6
44
6
40
35
54
95
55
50
93
25
84
35
81
42
82
61
8
34
39
28
65
65
42
92
52
6
43
37
61
79
75
93
70
59
12
80
24
36
99
88
10
54
64
12
47
4
9
14
84
3
88
47
63
13
51
27
88
40
81
29
95
48
96
78
19
2
63
49
52
54
51
12
18
4
18
62
51
13
96
88
50
57
62
46
82
83
85
84
61
98
97
81
9
41
76
21
26
14
74
12
26
81
80
53
90
33
21
96
77
52
73
13
84
74
9
82
2
88
98
95
77
75
62
100
32
96
52
69
76
85
84
26
53
96
27
92
52
21
END